.\VOCdevkit/VOC2007/JPEGImages/00731de5-a143-46a5-a692-5133c9c26f4b.jpg 1601,1216,3993,2639,1
.\VOCdevkit/VOC2007/JPEGImages/00e80ef5-56cf-4200-adb9-6101d022bf28.jpg 48,68,3200,1714,1
.\VOCdevkit/VOC2007/JPEGImages/019b4fb3-1a48-4755-a72b-a2a4296876cc.jpg 210,78,3185,1781,0
.\VOCdevkit/VOC2007/JPEGImages/01ca3ed8-e7e9-4337-b47c-53a3e0ecd0aa.jpg 77,97,3200,1701,2
.\VOCdevkit/VOC2007/JPEGImages/02948b77-6f88-4362-b968-ab9e32fbffc9.jpg 156,78,3181,1764,1
.\VOCdevkit/VOC2007/JPEGImages/02a3ad10-7a38-4fd5-8f0f-e5b0e4e3261b.jpg 273,35,2921,1800,1
.\VOCdevkit/VOC2007/JPEGImages/048ac3de-f37f-4004-a9ee-82d6707401bc.jpg 50,108,3181,1645,0
.\VOCdevkit/VOC2007/JPEGImages/07618c66-90fe-4b1e-a224-a1ac1bd9362b.jpg 8,24,3200,1737,2
.\VOCdevkit/VOC2007/JPEGImages/079e932c-294a-4faf-b6da-1ea77191f7d1.jpg 14,103,3150,1745,0
.\VOCdevkit/VOC2007/JPEGImages/07d37112-f591-46c9-8450-913d9e0ae24a.jpg 31,12,3183,1791,0
.\VOCdevkit/VOC2007/JPEGImages/07d9daac-0923-44e3-904a-983562e5637c.jpg 401,1351,5078,2831,0
.\VOCdevkit/VOC2007/JPEGImages/085fb032-1b1d-4ac5-98a6-07a16a0612e5.jpg 104,526,3139,1360,2
.\VOCdevkit/VOC2007/JPEGImages/086d453b-2dca-4992-a3ee-84c37c20fee1.jpg 1055,620,4062,3601,0
.\VOCdevkit/VOC2007/JPEGImages/08d64f7b-76bc-4040-a0f5-4e5c43f18068.jpg 81,8,3189,1776,1
.\VOCdevkit/VOC2007/JPEGImages/08ded5a7-5fe6-4279-b195-5c81074d7e38.jpg 1951,24,3889,3643,1
.\VOCdevkit/VOC2007/JPEGImages/09725020-dd29-4861-8e61-2b9f156d43bf.jpg 81,101,3104,1762,2
.\VOCdevkit/VOC2007/JPEGImages/0a336bbe-c893-4b5f-a620-ec06189a3b47.jpg 843,1081,4143,2889,1 1,1,1239,1074,1 3220,2528,5001,3648,1 2593,1,3874,1266,1
.\VOCdevkit/VOC2007/JPEGImages/0a8be8dc-c1d5-4007-877f-e83672264f6b.jpg 1,166,3108,1624,0
.\VOCdevkit/VOC2007/JPEGImages/0b39170b-7899-4fb5-9ad2-d63d6f4d92e6.jpg 1347,1001,4428,2689,2 812,78,1924,1262,2 4147,966,5432,1985,2 3832,2270,4693,3339,2 451,2897,1120,3648,2
.\VOCdevkit/VOC2007/JPEGImages/0bd64113-2a03-4509-8a79-691a75cd6b13.jpg 12,62,3200,1799,2
.\VOCdevkit/VOC2007/JPEGImages/0c29b480-7baf-4c5d-9f28-0d48a8b0274b.jpg 1366,1354,4493,2743,2 3928,2316,5224,3108,2
.\VOCdevkit/VOC2007/JPEGImages/0c7b2f60-7c43-4ab5-9993-07abfd7ecb0d.jpg 2155,881,3359,3224,0 2274,3104,3724,3648,0 1666,20,2832,1020,0
.\VOCdevkit/VOC2007/JPEGImages/0d1daa61-f77a-4e9d-99d3-ac569c606da8.jpg 1382,439,4247,3597,1
.\VOCdevkit/VOC2007/JPEGImages/0d484970-d5e3-439d-943c-7341f4e0dbfc.jpg 1216,951,4428,2897,1 1,1801,766,3648,1 970,2685,2628,3648,1 3959,1,4989,1231,1
.\VOCdevkit/VOC2007/JPEGImages/0da81dd1-1f63-4309-af86-b853f08944eb.jpg 1455,1162,3935,2766,1 1,1,909,1185,1
.\VOCdevkit/VOC2007/JPEGImages/0e713f3c-c41a-476f-a854-cf96d9fb53f8.jpg 56,189,3121,1691,2
.\VOCdevkit/VOC2007/JPEGImages/0fc6d001-8a58-4662-9b33-2b78a6bf09e0.jpg 632,1254,4051,2670,2 943,2639,3182,3648,2 4032,8,5235,2154,2 2966,2720,4970,3648,2
.\VOCdevkit/VOC2007/JPEGImages/1035e084-5eca-4364-916d-11039e028a1d.jpg 428,1158,4997,2966,0
.\VOCdevkit/VOC2007/JPEGImages/110f7858-cecf-4155-a551-26f7597ccddb.jpg 770,854,3943,2951,1 3978,1,5472,2285,1
.\VOCdevkit/VOC2007/JPEGImages/1186d247-ebca-45b7-afd7-45e755734eee.jpg 778,915,4670,2701,0 4070,151,5416,3024,0 485,2331,1878,3647,0
.\VOCdevkit/VOC2007/JPEGImages/130c53c8-1f7b-4629-a1a4-e23c86c363a5.jpg 71,153,3171,1710,0
.\VOCdevkit/VOC2007/JPEGImages/13a46e35-62bf-4d87-9bba-9f8faae54ec1.jpg 46,245,3200,1616,2
.\VOCdevkit/VOC2007/JPEGImages/13ca2a47-0ea9-4434-9149-ce754eb5619b.jpg 12,8,3064,1799,0
.\VOCdevkit/VOC2007/JPEGImages/1468d0e4-2c87-47a0-90f8-7e2d67cdeb07.jpg 50,31,3141,1724,0
.\VOCdevkit/VOC2007/JPEGImages/157d8479-3973-43db-a0e2-00069389df85.jpg 1259,824,4762,2893,0
.\VOCdevkit/VOC2007/JPEGImages/16af520c-fb79-4566-90b3-cd5f466a7711.jpg 1412,1085,3939,2508,1 924,2697,2128,3648,1
.\VOCdevkit/VOC2007/JPEGImages/16d8b64e-d2ea-4b71-9754-bb5c74703024.jpg 1016,885,4739,2528,1
.\VOCdevkit/VOC2007/JPEGImages/17523fd6-872c-406f-aeb3-1ecf235f91fe.jpg 162,993,3555,2808,1
.\VOCdevkit/VOC2007/JPEGImages/17a809d6-6b1e-441a-bc17-f640f99ffac9.jpg 816,1024,4039,2762,1 1805,2589,3693,3648,1
.\VOCdevkit/VOC2007/JPEGImages/17af6675-b947-4de8-828c-55dadf7f66b8.jpg 1428,585,3909,3381,0
.\VOCdevkit/VOC2007/JPEGImages/183f001d-052a-425e-baa4-6cce5093c051.jpg 144,76,3046,1753,0
.\VOCdevkit/VOC2007/JPEGImages/18acfef8-9e6c-4ae8-843d-e70fd9b02b3e.jpg 959,978,4143,2993,0
.\VOCdevkit/VOC2007/JPEGImages/190124b7-3dc8-4444-a188-f1aacd24078d.jpg 1416,1178,3620,2408,1 1255,4,2570,1304,1
.\VOCdevkit/VOC2007/JPEGImages/190ee9c2-e4d4-4f1e-923c-45f108c970ed.jpg 1355,1389,3670,2574,1 3632,1739,4989,2708,1 4085,685,5310,1720,1 2182,2654,3197,3648,1 1059,378,2047,1120,1
.\VOCdevkit/VOC2007/JPEGImages/19df298a-73d2-442b-babf-bb16ceca3b76.jpg 1832,39,3839,3566,1 259,720,1889,2397,1
.\VOCdevkit/VOC2007/JPEGImages/19f266be-d730-4fdd-a8b8-adf0b04739e1.jpg 37,62,3160,1749,0
.\VOCdevkit/VOC2007/JPEGImages/1a0b6c46-19f5-41aa-abc4-d2374ce937b1.jpg 6,97,3200,1706,2
.\VOCdevkit/VOC2007/JPEGImages/1a525e45-7c33-44f5-9440-37a07cbf7d8e.jpg 443,881,4185,2900,1 1670,1,3159,643,1 4209,1531,5472,3478,1
.\VOCdevkit/VOC2007/JPEGImages/1a91a46b-aeaa-4399-9246-aa9039275a86.jpg 1924,324,4266,3648,0
.\VOCdevkit/VOC2007/JPEGImages/1b11b0e5-3b04-4ec8-99e7-9e47397698fe.jpg 48,108,3200,1695,0
.\VOCdevkit/VOC2007/JPEGImages/1bac7c5d-fa74-48c4-b4a3-a95e920d32fc.jpg 10,143,3129,1739,2
.\VOCdevkit/VOC2007/JPEGImages/1c20c6d0-e965-4556-bcb4-c4ca74d118c8.jpg 1539,362,4524,3462,0
.\VOCdevkit/VOC2007/JPEGImages/1d5710a8-c265-4ef4-ae15-a4e108f89000.jpg 1008,1170,4504,2866,1 289,1,2032,1543,1
.\VOCdevkit/VOC2007/JPEGImages/1dc71e0a-6d8d-4b27-bfe9-9a94491d448c.jpg 46,53,3100,1768,0
.\VOCdevkit/VOC2007/JPEGImages/1e8334a2-1f89-40c8-b695-9bd7bce5f5fb.jpg 6,10,3127,1781,0
.\VOCdevkit/VOC2007/JPEGImages/1f58c48b-032a-49a9-84b9-7b2a57a8655c.jpg 732,731,4520,2658,0
.\VOCdevkit/VOC2007/JPEGImages/1fb6d7b1-0dfb-467f-bab7-f3eca90b5f29.jpg 1,6,3081,1783,0
.\VOCdevkit/VOC2007/JPEGImages/20051122-76ea-4555-bd5f-6603e903d562.jpg 1251,262,3109,1335,0 1016,1001,4370,2774,0
.\VOCdevkit/VOC2007/JPEGImages/20751782-8d27-4f31-98fa-b6cd1fa0bf37.jpg 25,168,3171,1653,0
.\VOCdevkit/VOC2007/JPEGImages/20c82c42-7d9d-4ea6-b7a0-69dcca5b052f.jpg 114,3,3198,1749,0
.\VOCdevkit/VOC2007/JPEGImages/20f7fd28-a74c-4b10-b2ed-3b96c33932c2.jpg 1,39,3200,1768,1
.\VOCdevkit/VOC2007/JPEGImages/21906e15-3001-4ad8-b177-70c3bd1727fb.jpg 1016,1285,4835,2835,2
.\VOCdevkit/VOC2007/JPEGImages/221538b9-4bd6-41d6-b63d-4ca5050177b5.jpg 832,954,5309,3285,0
.\VOCdevkit/VOC2007/JPEGImages/22578891-66c0-48ce-9ac2-040d28cec2f4.jpg 782,1193,4328,2797,0 1362,89,2028,1535,0 9,801,739,1797,0
.\VOCdevkit/VOC2007/JPEGImages/233aa36e-1c51-426b-85f6-7b60641f703a.jpg 1962,1185,4339,2674,2
.\VOCdevkit/VOC2007/JPEGImages/234f3f48-0290-429c-8938-a8e1a7d7ef2c.jpg 189,39,3154,1783,2
.\VOCdevkit/VOC2007/JPEGImages/24069bfb-4c48-49ef-b499-bd15d9426f03.jpg 98,81,3023,1783,0
.\VOCdevkit/VOC2007/JPEGImages/24534fd1-2376-49dc-a777-413e6b3cce2d.jpg 1189,1151,4893,2881,2 3597,470,5135,1066,2 4755,720,5439,1774,2 3059,2766,4482,3631,2
.\VOCdevkit/VOC2007/JPEGImages/2457db8b-6763-41bd-8eb2-787089d3e052.jpg 82,704,5162,2924,0
.\VOCdevkit/VOC2007/JPEGImages/24efff44-9cbf-4f36-a3dd-bdd662f90bb7.jpg 878,1254,4089,2316,2
.\VOCdevkit/VOC2007/JPEGImages/253b37e0-a24a-47bf-99e9-02db4145a8cc.jpg 1462,1208,3732,2512,1 4320,139,5470,1328,1 4785,1693,5472,2847,1
.\VOCdevkit/VOC2007/JPEGImages/2552f3ba-2a95-40ea-85c4-a3d2e34ad7c8.jpg 12,12,3200,1800,1
.\VOCdevkit/VOC2007/JPEGImages/26b6c7a4-3b6c-43cf-8c86-54987685acde.jpg 1020,1128,4859,2685,0 2647,16,4935,1047,0 205,8,1443,1539,0
.\VOCdevkit/VOC2007/JPEGImages/26e05d36-dcd4-44ed-98d5-3b08ed234f8d.jpg 14,20,3200,1800,1
.\VOCdevkit/VOC2007/JPEGImages/26e600d4-4e54-4337-8e79-ef3804fc0f62.jpg 19,81,3112,1724,0
.\VOCdevkit/VOC2007/JPEGImages/27a6a0ce-938f-4d70-b2f7-bcf6a2ae77bc.jpg 924,935,4912,2854,0 632,1,2039,1293,0
.\VOCdevkit/VOC2007/JPEGImages/28a08dbf-6cf8-44e4-adb1-d19cbce8b092.jpg 6,8,3137,1783,0
.\VOCdevkit/VOC2007/JPEGImages/2921a1ca-4d4b-4b52-a4fd-09074049095b.jpg 1101,1139,4297,2828,1 1,1,1043,1912,1 1,2162,862,3551,1
.\VOCdevkit/VOC2007/JPEGImages/294e68ed-a164-4937-b281-e5cc41c91f24.jpg 1320,885,4520,2778,0
.\VOCdevkit/VOC2007/JPEGImages/2a41a4f0-fac2-4486-a4b2-4ee288eb622e.jpg 81,210,3200,1708,2
.\VOCdevkit/VOC2007/JPEGImages/2a4f2014-caf0-422d-a58f-77d66dba5da2.jpg 974,589,5420,2835,1
.\VOCdevkit/VOC2007/JPEGImages/2ad4bf99-160a-4474-b883-c478ca252699.jpg 64,26,3146,1791,0
.\VOCdevkit/VOC2007/JPEGImages/2b00ec96-113b-4fd7-8001-bbdb99a0dfc0.jpg 1,68,3108,1718,2
.\VOCdevkit/VOC2007/JPEGImages/2b7204de-37d3-41d1-a46e-bcc82773cd84.jpg 782,866,4362,2954,1 1,528,1747,2274,1 1093,2497,2951,3648,1
.\VOCdevkit/VOC2007/JPEGImages/2bc64c61-1727-4ad9-8ea8-b4d48e52a994.jpg 1,1,3194,1778,0
.\VOCdevkit/VOC2007/JPEGImages/2bd55c38-b309-4674-aef0-7e56e6a919bf.jpg 81,35,3094,1800,1
.\VOCdevkit/VOC2007/JPEGImages/2c02201f-c201-428d-a487-56ded503a5cf.jpg 1416,939,4732,3070,1 1516,20,2951,1235,1
.\VOCdevkit/VOC2007/JPEGImages/2cc910ec-88bd-4523-b5a2-60cdd7d6f4eb.jpg 150,151,3200,1645,2
.\VOCdevkit/VOC2007/JPEGImages/2dca0462-2926-4ca2-a636-3f9efdbb34bd.jpg 1039,966,3920,2681,2 585,101,1816,1428,2 1085,1,2147,870,2 3424,1935,4928,3648,2 3720,731,5151,1635,2 4185,1431,5472,2039,2 1,500,943,2481,2
.\VOCdevkit/VOC2007/JPEGImages/2e3392a2-15fe-4a80-9c46-1891379d1bb9.jpg 489,37,3069,1735,0
.\VOCdevkit/VOC2007/JPEGImages/2ebd69f2-9c10-4a57-95b6-c39852f099f8.jpg 970,1031,3824,2751,1
.\VOCdevkit/VOC2007/JPEGImages/2f0aa1b4-78d0-4483-9c86-80baecccfbca.jpg 677,3,1210,539,0 44,166,3200,1722,0
.\VOCdevkit/VOC2007/JPEGImages/2fde4f36-4877-4434-a7ae-a1566c40ebfb.jpg 1297,1224,4089,2770,1
.\VOCdevkit/VOC2007/JPEGImages/30076ade-15f8-44e7-95e9-e605ae7c3232.jpg 1239,885,3932,2370,0
.\VOCdevkit/VOC2007/JPEGImages/30575135-e4a9-4313-bd3e-423c0e88a1cb.jpg 64,101,3119,1722,2
.\VOCdevkit/VOC2007/JPEGImages/305dcd87-f4e0-4e0c-98cc-475620f6a189.jpg 150,56,3014,1708,1
.\VOCdevkit/VOC2007/JPEGImages/306bc93a-7a2d-47a3-a700-f5b693ba329b.jpg 1,31,3060,1743,0
.\VOCdevkit/VOC2007/JPEGImages/31064acf-c8ec-4c0d-bb02-c20395e14697.jpg 41,24,3166,1776,1
.\VOCdevkit/VOC2007/JPEGImages/31322a0f-ad23-4cb0-ad6c-78922832f9e2.jpg 119,66,3000,1728,2
.\VOCdevkit/VOC2007/JPEGImages/32296454-c70d-4c74-93ea-5f4544ec9b9e.jpg 50,112,3173,1674,0
.\VOCdevkit/VOC2007/JPEGImages/32589221-3387-4ddb-90d1-cbd7fe884203.jpg 1085,985,4801,3012,1 2747,2839,4162,3648,1
.\VOCdevkit/VOC2007/JPEGImages/3436090d-9883-4e99-aef5-09376619e5a2.jpg 1747,312,3959,3628,0
.\VOCdevkit/VOC2007/JPEGImages/34e4ceb6-af42-476f-8622-af5635ff97f0.jpg 10,203,3116,1670,0
.\VOCdevkit/VOC2007/JPEGImages/34e69122-6b8f-4a26-bad1-dd03aacf228c.jpg 35,149,3098,1716,1
.\VOCdevkit/VOC2007/JPEGImages/3524955e-3b7c-4545-8718-10a44be4786b.jpg 271,174,3127,1662,2
.\VOCdevkit/VOC2007/JPEGImages/35829903-fb7b-4ecd-acbb-717157e8b7c3.jpg 4,6,3200,1800,1
.\VOCdevkit/VOC2007/JPEGImages/362e76b7-0cce-4247-83aa-a261ae6b7649.jpg 1997,612,3532,3108,0 3928,835,5251,2478,0 3566,2747,4855,3628,0
.\VOCdevkit/VOC2007/JPEGImages/3688a2ec-71c0-41b9-9a7c-5bb34c1d7526.jpg 48,85,3158,1639,0
.\VOCdevkit/VOC2007/JPEGImages/37e19c42-c3dc-4c8c-b325-d0a905e54fd2.jpg 529,300,2818,4894,0
.\VOCdevkit/VOC2007/JPEGImages/386bb385-f4e2-4823-b19c-09716008e4ce.jpg 91,6,3073,1800,1
.\VOCdevkit/VOC2007/JPEGImages/388e81b9-9988-44e8-99e3-d8a0efc7473a.jpg 997,985,4905,2981,0
.\VOCdevkit/VOC2007/JPEGImages/38bfafe8-f725-43c1-a1b7-4bd65e7f8cdc.jpg 889,843,3878,2781,1 3912,893,5472,2420,1
.\VOCdevkit/VOC2007/JPEGImages/3a6fd884-1ac8-4ea1-93df-9fd3c8b6fbb0.jpg 81,262,3200,1628,1
.\VOCdevkit/VOC2007/JPEGImages/3abe0f02-3972-4506-9f26-353e6f3b13c5.jpg 87,68,2998,1787,1
.\VOCdevkit/VOC2007/JPEGImages/3b93abb0-43c3-4aee-a439-34af1de77fd0.jpg 1066,939,4582,2654,2
.\VOCdevkit/VOC2007/JPEGImages/3cc2cb93-e0d4-4485-8cc4-88e78f436b19.jpg 178,931,4820,2666,1
.\VOCdevkit/VOC2007/JPEGImages/3d511a78-f80d-4e18-b505-a470e9e7065b.jpg 1251,1097,4609,2808,2
.\VOCdevkit/VOC2007/JPEGImages/3ddfe148-66a7-4be2-8ad0-ae40b4d41a15.jpg 997,1189,4385,2612,1
.\VOCdevkit/VOC2007/JPEGImages/3e555834-be99-4a17-975a-e58866abdc79.jpg 1582,1274,4547,2616,2 4547,431,5470,1985,2 1893,2656,2935,3535,2
.\VOCdevkit/VOC2007/JPEGImages/3f90fbce-8b61-4864-90c8-5941e975d790.jpg 882,1016,4136,2785,1 2666,2543,4282,3639,1
.\VOCdevkit/VOC2007/JPEGImages/3fc5a05b-4315-4c80-bb50-7a1d16f8ad35.jpg 6,8,3200,1800,1
.\VOCdevkit/VOC2007/JPEGImages/41847b08-5e90-4bda-8f4d-575316fd33ff.jpg 878,1197,4412,2763,2
.\VOCdevkit/VOC2007/JPEGImages/42318424-38a6-4fb2-b832-3e45025353b3.jpg 54,74,3152,1756,2
.\VOCdevkit/VOC2007/JPEGImages/42e21144-16d5-4a5a-8e98-c3adf0410041.jpg 135,56,3200,1685,0
.\VOCdevkit/VOC2007/JPEGImages/436f0146-d739-4c4e-b705-4ad1b2e22b66.jpg 1566,1131,4001,2331,2 89,1697,959,2251,2
.\VOCdevkit/VOC2007/JPEGImages/4372e4dd-adac-4472-a210-09c61beefcd0.jpg 156,66,2985,1751,2
.\VOCdevkit/VOC2007/JPEGImages/44da31e9-f90e-48e2-8b8f-6973cbe24604.jpg 1439,62,3312,3401,0
.\VOCdevkit/VOC2007/JPEGImages/45c4d043-bea7-4cb8-9469-0788c20b0d4b.jpg 56,114,2906,1762,0
.\VOCdevkit/VOC2007/JPEGImages/45d321e3-12c2-4c2c-9adc-caef0ebdecb7.jpg 1224,1270,4466,2728,2
.\VOCdevkit/VOC2007/JPEGImages/45f6c6a5-0491-43db-9ce0-e6958d21c63c.jpg 1216,1454,3682,2531,1 4155,1185,5472,2012,1 3974,343,4878,1639,1 2231,1,3477,1447,1 1262,4,2082,1374,1
.\VOCdevkit/VOC2007/JPEGImages/45fb6b90-ba61-4271-a9e6-cd1d763ea21c.jpg 8,1,3194,1778,1
.\VOCdevkit/VOC2007/JPEGImages/471ceddb-1625-4aa9-afa4-4be2b6c1dacd.jpg 1316,1251,4251,2839,1 1,604,574,2697,1
.\VOCdevkit/VOC2007/JPEGImages/47d2c268-23b1-45cd-b70e-c6b74a955c27.jpg 1455,1043,4020,2504,2 101,139,1474,3185,2 3685,1262,5124,3648,2 1489,2651,2632,3648,2
.\VOCdevkit/VOC2007/JPEGImages/484a366b-84f4-4c13-b89d-4f08dc47c05a.jpg 33,39,3123,1658,0
.\VOCdevkit/VOC2007/JPEGImages/4992e953-9046-48bd-ba52-03432590380c.jpg 91,22,3164,1772,0
.\VOCdevkit/VOC2007/JPEGImages/499cd8bd-2551-456b-bc08-7e0dea29e8f9.jpg 58,110,3200,1756,0
.\VOCdevkit/VOC2007/JPEGImages/4af1dd61-d62f-4296-80b4-c927f245220c.jpg 73,201,3164,1660,2
.\VOCdevkit/VOC2007/JPEGImages/4b0b8d5a-e3eb-47f8-90cd-9faa3c172af2.jpg 31,26,3150,1762,0
.\VOCdevkit/VOC2007/JPEGImages/4bd7f3d3-fb67-43e2-8e38-86b618dd3f4d.jpg 69,249,3200,1706,2
.\VOCdevkit/VOC2007/JPEGImages/4ce51ce3-2149-42e9-b3cf-3100c288e26c.jpg 716,1174,3905,2728,2 959,2581,3016,3648,2 928,1,1859,1254,2
.\VOCdevkit/VOC2007/JPEGImages/4cf2c2e5-da07-4c51-b791-44ebe10f8108.jpg 66,70,3098,1697,0
.\VOCdevkit/VOC2007/JPEGImages/4e2fecd4-c506-406a-9274-36326f8d6764.jpg 720,839,4912,2908,0
.\VOCdevkit/VOC2007/JPEGImages/4e6b44e8-a96f-47a3-8aae-070397cd59f3.jpg 1116,751,4562,2339,0
.\VOCdevkit/VOC2007/JPEGImages/4ea97e41-3f29-4cd0-af6b-d80570a07a7f.jpg 2,153,3141,1706,2
.\VOCdevkit/VOC2007/JPEGImages/4f2b2440-a14c-4867-813f-af7d3b3dd085.jpg 1201,1078,4062,2604,1 2839,2585,4224,3648,1 362,420,1501,1874,1
.\VOCdevkit/VOC2007/JPEGImages/4fe4b20d-bb46-48f2-8678-522dc3a6cac0.jpg 33,43,3121,1760,2
.\VOCdevkit/VOC2007/JPEGImages/50553881-5fa0-42c2-b4ff-2cf8e870733f.jpg 624,993,4143,2735,0
.\VOCdevkit/VOC2007/JPEGImages/505926e8-5e2b-4cb6-afe3-2025fbc6fca7.jpg 1882,1343,3951,2497,1 1009,2508,2270,3208,1
.\VOCdevkit/VOC2007/JPEGImages/5081afbf-54bc-4b28-a1a5-5576d76640b2.jpg 21,49,3189,1685,2
.\VOCdevkit/VOC2007/JPEGImages/519c9413-bf26-488b-a816-7956e34d0627.jpg 4,18,3200,1758,2
.\VOCdevkit/VOC2007/JPEGImages/521d9431-e486-488f-b736-f80d03f8ee46.jpg 1097,1047,4205,2670,0 1431,1,2216,662,0
.\VOCdevkit/VOC2007/JPEGImages/52709b37-0a2d-49aa-964a-190ef10346f0.jpg 2043,281,3509,3408,0 1051,81,2589,1008,0 4424,212,5472,2228,0 101,154,1128,3239,0 543,2462,1474,3643,0
.\VOCdevkit/VOC2007/JPEGImages/5294467b-2ed7-4a74-a704-cdccb5c17b4e.jpg 119,122,3102,1743,1
.\VOCdevkit/VOC2007/JPEGImages/52efc645-564a-429d-a969-2ff9261e616d.jpg 1924,97,3728,3551,0 5,1239,2270,3635,0
.\VOCdevkit/VOC2007/JPEGImages/540e261c-c3af-43b3-9ec1-bb2efaa7b6b3.jpg 208,62,3100,1758,2
.\VOCdevkit/VOC2007/JPEGImages/5414b118-2f95-4ae6-810e-772c6a70442d.jpg 1962,1412,3470,2235,1 2555,2766,4074,3648,1 2493,189,3159,1466,1 332,881,1201,2101,1 1151,1366,1997,3035,1
.\VOCdevkit/VOC2007/JPEGImages/548cafb5-85d3-4fdf-b4d7-20f09d61e9e5.jpg 693,889,4951,2958,0
.\VOCdevkit/VOC2007/JPEGImages/54e49712-3cb3-4291-bafd-9a45d6407cbe.jpg 73,76,3200,1651,2
.\VOCdevkit/VOC2007/JPEGImages/56be6ee5-c4ac-446b-89ab-336d2c0e7566.jpg 489,935,4212,2862,2 2078,2889,3216,3648,2
.\VOCdevkit/VOC2007/JPEGImages/577983d4-3da2-446e-b083-a7bfccec0da4.jpg 119,114,3200,1800,1
.\VOCdevkit/VOC2007/JPEGImages/5790b564-d3e7-4a0b-aa5f-00b3f6e43692.jpg 75,66,3200,1768,1
.\VOCdevkit/VOC2007/JPEGImages/57aab5c9-cb3f-4fd9-a832-5acb6b4301fe.jpg 10,168,3187,1708,0
.\VOCdevkit/VOC2007/JPEGImages/593eff13-2e96-4d24-9b77-e7e71717261d.jpg 1139,897,4885,2616,2 559,1677,1486,2935,2 1428,2935,2285,3648,2 4682,3108,5285,3643,2
.\VOCdevkit/VOC2007/JPEGImages/5a055e8a-f0c5-4560-bf9b-481e6ecc5835.jpg 12,1,3196,1800,1
.\VOCdevkit/VOC2007/JPEGImages/5aae5bcc-2474-42a5-9ced-5e2751986e84.jpg 1674,1474,3682,2454,1
.\VOCdevkit/VOC2007/JPEGImages/5cc4a694-a8a3-4c63-b8dc-90e04d9ddf87.jpg 1578,778,4593,2662,1 4385,281,5462,1643,1
.\VOCdevkit/VOC2007/JPEGImages/5d71c73a-7d65-496c-bced-a3648eeea40c.jpg 41,62,3173,1770,1
.\VOCdevkit/VOC2007/JPEGImages/5db8e255-ef50-4c1f-990b-4ec24f8a539a.jpg 959,635,4820,2916,0
.\VOCdevkit/VOC2007/JPEGImages/5ddab413-02ca-4f54-b918-3075bcacbf1a.jpg 33,49,3171,1633,0
.\VOCdevkit/VOC2007/JPEGImages/5e054fc0-e633-416d-a373-b77fe45e0a27.jpg 1,116,3112,1708,2
.\VOCdevkit/VOC2007/JPEGImages/5e5f284d-36a2-458d-b12b-466b0d3c84e7.jpg 125,41,3094,1760,1
.\VOCdevkit/VOC2007/JPEGImages/5ead6c48-41cf-45a6-a233-4e0ca3286385.jpg 160,43,3066,1789,1
.\VOCdevkit/VOC2007/JPEGImages/5f505be2-ef15-417c-99d8-2039efe4e001.jpg 1,212,3121,1672,2
.\VOCdevkit/VOC2007/JPEGImages/608a45b1-36e2-4f6e-b3c6-5762d2d8a566.jpg 728,1158,3966,2608,2 1870,1,3535,1120,2 3555,1,5472,981,2 4005,416,5472,1824,2 1,151,935,2612,2
.\VOCdevkit/VOC2007/JPEGImages/60a317d5-b93b-4c17-a268-bae1547fde58.jpg 1224,1162,4339,2562,0 2470,2243,4651,3235,0 1,1,2232,389,0
.\VOCdevkit/VOC2007/JPEGImages/6108d8b9-817e-4624-8861-9fe01c13c7d2.jpg 48,31,3179,1795,1
.\VOCdevkit/VOC2007/JPEGImages/619cdc13-9e4f-431f-8368-d43b200fefed.jpg 1078,1266,4339,2866,0
.\VOCdevkit/VOC2007/JPEGImages/620a7460-4703-4bf6-9745-040a8653d419.jpg 258,233,3104,1518,2
.\VOCdevkit/VOC2007/JPEGImages/62547e67-6f7a-4bbb-827a-9aee8804c87e.jpg 185,370,3104,1503,2
.\VOCdevkit/VOC2007/JPEGImages/627f3275-ff69-4cbb-b4db-b5a9ea534168.jpg 993,1047,4624,2766,2
.\VOCdevkit/VOC2007/JPEGImages/6303144e-863a-4cb1-85fa-0b6ea593b2f3.jpg 14,68,3200,1760,2
.\VOCdevkit/VOC2007/JPEGImages/63bd1baf-a38d-46bb-9345-accbab0be99f.jpg 66,201,3200,1735,2
.\VOCdevkit/VOC2007/JPEGImages/63e5b313-8a8f-4816-9ae7-e9aa30f40d25.jpg 474,1174,5324,2862,0
.\VOCdevkit/VOC2007/JPEGImages/649fd3e1-06d4-40b8-a696-f8ad283fcebf.jpg 248,20,3041,1800,1
.\VOCdevkit/VOC2007/JPEGImages/64dc03df-0067-478f-95c6-4f026915aaec.jpg 1178,1093,3789,2524,2 1,743,747,3085,2 2162,1,3539,1220,2 3566,27,4097,897,2
.\VOCdevkit/VOC2007/JPEGImages/656d0fbf-e013-48e8-9f47-6b9123d26225.jpg 839,1104,4462,2839,2 1101,43,2420,1131,2 2582,2520,4920,3648,2
.\VOCdevkit/VOC2007/JPEGImages/65afb428-1357-48e1-b623-6db872384046.jpg 928,1004,5135,2831,2 1,1,770,1185,2
.\VOCdevkit/VOC2007/JPEGImages/65cbd9ca-79c8-48fb-8739-96194408b36b.jpg 1020,1366,3851,2393,2 224,2135,2039,3058,2 1,1470,1024,2262,2
.\VOCdevkit/VOC2007/JPEGImages/66d62e0a-bf09-4354-80d1-eaaefb176927.jpg 651,931,4716,2670,0
.\VOCdevkit/VOC2007/JPEGImages/671a4212-f6cc-4dc7-999a-1e754aa0cec7.jpg 416,1201,4601,2704,2 2985,2093,5051,3648,2 4328,20,5472,1701,2
.\VOCdevkit/VOC2007/JPEGImages/67a0875a-a0ce-4f7f-af38-a2df3aa8d42a.jpg 1782,962,3870,2385,0
.\VOCdevkit/VOC2007/JPEGImages/68121bae-16a9-4deb-b7fa-46da2721331c.jpg 1347,1347,3662,2497,2 412,185,1589,1497,2 3897,2347,5197,3639,2 4916,543,5472,1216,2 3943,1366,5472,2431,2
.\VOCdevkit/VOC2007/JPEGImages/68e51439-6815-4513-8c78-7b43833148a8.jpg 225,10,2981,1800,1
.\VOCdevkit/VOC2007/JPEGImages/695afa9b-6c0c-4594-b266-034e1ae99286.jpg 1074,1301,4047,2489,1
.\VOCdevkit/VOC2007/JPEGImages/699d42f4-09f2-4d6f-ae3f-3e7a1c163056.jpg 12,68,3200,1776,2
.\VOCdevkit/VOC2007/JPEGImages/6a1561b5-5d2d-485d-bdf9-44a72a7d39db.jpg 893,1089,4562,2443,2
.\VOCdevkit/VOC2007/JPEGImages/6a8c5bde-b003-44c0-8be6-e16024f291ce.jpg 123,93,3025,1714,0
.\VOCdevkit/VOC2007/JPEGImages/6abdb43c-c5a8-474c-b9a3-f2288ba878f9.jpg 169,137,3141,1783,2
.\VOCdevkit/VOC2007/JPEGImages/6c335902-32ca-493d-a1f0-b35abcaf7dac.jpg 1801,1466,3616,2358,2 239,1881,1566,2835,2 732,1601,1278,2020,2 1089,2689,1820,3328,2 2332,2589,3012,3193,2 3770,981,4847,2162,2 2859,266,3674,1020,2 4570,254,5235,878,2 4020,1,4574,754,2 3882,2493,4428,3216,2 1,1,716,554,2
.\VOCdevkit/VOC2007/JPEGImages/6c4f99fe-ed6f-475e-8b22-53251cc1f17d.jpg 98,53,3052,1737,0
.\VOCdevkit/VOC2007/JPEGImages/6c57d321-a6d9-41f3-9213-f27f13ff6eb9.jpg 1717,1312,3744,2470,1 4312,1804,5472,2889,1
.\VOCdevkit/VOC2007/JPEGImages/6d19afcf-5bd6-492c-9c92-cd6a57e7e1d6.jpg 4,245,3137,1681,2
.\VOCdevkit/VOC2007/JPEGImages/6d5a0a1f-f4cd-48e1-81e0-055cfd20bba1.jpg 16,43,3173,1751,1
.\VOCdevkit/VOC2007/JPEGImages/6dd2f1d3-5327-417e-809c-9da5eb7b3adc.jpg 1051,970,4509,2689,1 1,1489,1009,2862,1 3301,2228,5470,3639,1
.\VOCdevkit/VOC2007/JPEGImages/6eff27fb-8f9e-4ff0-a4db-3ee137333f1a.jpg 58,187,3200,1678,1
.\VOCdevkit/VOC2007/JPEGImages/6f582a73-d18f-4c4d-b286-08549f1e2ab6.jpg 574,674,4474,2712,0 1474,2647,2712,3648,0
.\VOCdevkit/VOC2007/JPEGImages/6f638294-058a-46e5-b44b-783fc68d92b8.jpg 77,78,3200,1722,0
.\VOCdevkit/VOC2007/JPEGImages/6f686b59-f2fb-469e-a97d-e01058774e93.jpg 39,93,3114,1741,1
.\VOCdevkit/VOC2007/JPEGImages/6fefb384-58ec-4ebb-8845-08f00eff5aae.jpg 662,812,4528,2601,2 2835,2585,4105,2866,2 1313,2809,3186,3648,2
.\VOCdevkit/VOC2007/JPEGImages/707f44d9-5bfd-49c9-95cd-913df98f9840.jpg 724,1370,3989,2720,2
.\VOCdevkit/VOC2007/JPEGImages/70cebd95-115a-47f1-84eb-69208e384033.jpg 133,8,3066,1774,0
.\VOCdevkit/VOC2007/JPEGImages/71da9c58-8796-41e0-95ac-061dbee07a77.jpg 709,1031,5178,3016,1 1116,1,4093,889,1 2705,2928,4193,3648,1
.\VOCdevkit/VOC2007/JPEGImages/73095ef9-2000-4694-8f25-1409e5a2e282.jpg 601,1116,3897,2870,1 3470,1,5074,1758,1 682,8,2397,1062,1
.\VOCdevkit/VOC2007/JPEGImages/7309ea1f-b751-47f3-a662-2d4cbc51addb.jpg 1420,1078,4447,2766,2 1,1547,982,2543,2 597,2947,1812,3648,2
.\VOCdevkit/VOC2007/JPEGImages/737fa2d4-2abb-4c00-b77c-4a1e3f21e984.jpg 424,1435,4220,2704,2
.\VOCdevkit/VOC2007/JPEGImages/746e5f11-5214-44ad-aff5-44b21892309a.jpg 150,68,3002,1760,1
.\VOCdevkit/VOC2007/JPEGImages/7479dead-7ace-4242-baf9-45d42aa8e16e.jpg 278,658,4485,2804,0
.\VOCdevkit/VOC2007/JPEGImages/74825600-7b5a-4d90-a8f7-53e9bf78a5b4.jpg 6,18,3129,1772,0
.\VOCdevkit/VOC2007/JPEGImages/75279710-e530-41fc-8731-12426abd0569.jpg 54,31,3200,1760,0
.\VOCdevkit/VOC2007/JPEGImages/753faffd-7ff8-4157-8703-5e75f6f7281b.jpg 260,87,3062,1735,0
.\VOCdevkit/VOC2007/JPEGImages/77441d05-078d-4df4-a1f6-ed1321b9635e.jpg 44,316,3200,1687,2
.\VOCdevkit/VOC2007/JPEGImages/78446423-74db-41fc-bd85-9b5620d9a19e.jpg 651,874,4816,2959,0
.\VOCdevkit/VOC2007/JPEGImages/78645198-19cb-44eb-8aab-d29e4065e679.jpg 23,6,3200,1785,1
.\VOCdevkit/VOC2007/JPEGImages/78d8a139-9cf2-4475-8538-918d44e7321e.jpg 21,18,3200,1800,1
.\VOCdevkit/VOC2007/JPEGImages/78d9789d-5789-4b41-8c9f-4c440aebbd21.jpg 1194,1247,3901,2466,1 2597,2301,3535,3408,1 4170,1878,5405,3324,1 862,1,1747,728,1
.\VOCdevkit/VOC2007/JPEGImages/7ad33536-4735-4b76-bf09-87a2869d8f9e.jpg 679,99,3060,1706,0
.\VOCdevkit/VOC2007/JPEGImages/7b5919cf-673b-4d01-9448-690056607e0f.jpg 44,128,3189,1760,0
.\VOCdevkit/VOC2007/JPEGImages/7c678736-df92-4785-a13b-1f3a8a73121b.jpg 1074,1112,4155,2624,1
.\VOCdevkit/VOC2007/JPEGImages/7c7f6f4c-cb71-4cef-9f2e-859f0645799e.jpg 52,31,3079,1758,0
.\VOCdevkit/VOC2007/JPEGImages/7ee685ef-4565-425b-a034-121657cc2889.jpg 89,124,3200,1722,1
.\VOCdevkit/VOC2007/JPEGImages/7f392a36-0399-461c-978c-fd7a8373b754.jpg 1,6,3200,1800,2
.\VOCdevkit/VOC2007/JPEGImages/804241eb-2168-45c9-925a-009f0fc4338b.jpg 1397,1578,4078,2866,2 4720,1247,5472,2370,2 1085,2493,2312,3628,2 3989,2666,5270,3648,2 4859,2328,5472,3212,2 1432,947,3347,1651,2
.\VOCdevkit/VOC2007/JPEGImages/80adefd6-bcd7-4ee5-9dea-0fc8e04bfc1d.jpg 724,1193,4174,2574,2 2439,4,3493,1362,2 4424,370,5472,1851,2 3489,254,4670,1578,2 2647,2462,3855,3648,2
.\VOCdevkit/VOC2007/JPEGImages/80b1b225-c724-4900-b111-05fea8d41a65.jpg 1328,1347,4420,2566,2 1089,4,2520,1666,2 1,1712,670,3648,2
.\VOCdevkit/VOC2007/JPEGImages/80c0edca-e556-404f-bf0c-0bfc8510e6d6.jpg 1139,781,4482,2781,0
.\VOCdevkit/VOC2007/JPEGImages/81115204-5ee7-4d50-8366-7364e5b447c4.jpg 146,95,3085,1724,1
.\VOCdevkit/VOC2007/JPEGImages/81856ccb-ed15-4999-a782-72fb957d359b.jpg 1351,1239,4266,2566,2 3182,1,4747,1628,2 993,678,1659,1370,2 1,1393,989,2051,2 1,1989,847,2735,2 924,2197,1947,2704,2 4739,300,5347,1366,2
.\VOCdevkit/VOC2007/JPEGImages/81aead0a-2d19-4614-b27f-e24ddcdb2a97.jpg 489,797,5401,2943,0
.\VOCdevkit/VOC2007/JPEGImages/84292f8c-dd00-4ed5-9d4b-9e5f2c931652.jpg 246,45,2773,1724,0
.\VOCdevkit/VOC2007/JPEGImages/84b56232-a684-464e-ad5c-72415d8507c6.jpg 382,824,5247,2962,0
.\VOCdevkit/VOC2007/JPEGImages/8544672d-6048-4b0b-8b92-7e6b506316de.jpg 60,12,3121,1781,1
.\VOCdevkit/VOC2007/JPEGImages/85928826-e00e-4710-aa5a-db0e888306ab.jpg 73,66,3200,1783,0
.\VOCdevkit/VOC2007/JPEGImages/874c2be4-d181-46ba-84b4-340d84b6ca9d.jpg 96,153,3183,1739,0
.\VOCdevkit/VOC2007/JPEGImages/87caa3ba-81ed-4292-b663-2e9ed68fb11a.jpg 23,106,3135,1706,2
.\VOCdevkit/VOC2007/JPEGImages/87d489ff-719c-42c0-8e2a-a5bf14636430.jpg 1081,851,4927,2908,1 285,2220,1697,3648,1
.\VOCdevkit/VOC2007/JPEGImages/88a67158-d7e3-4667-99a3-0faf33be158d.jpg 23,172,3200,1708,2
.\VOCdevkit/VOC2007/JPEGImages/89251173-439d-42f4-b7c5-ad370a6bc173.jpg 1216,1170,5093,2743,1 647,1,3870,1093,1 4120,1908,5470,3648,1
.\VOCdevkit/VOC2007/JPEGImages/89330cfd-ee58-44ac-9902-1bd9285143e4.jpg 1351,1078,4432,2781,1
.\VOCdevkit/VOC2007/JPEGImages/899a3b64-dbbd-4a93-bd01-5129fecd3e77.jpg 202,24,3183,1743,0
.\VOCdevkit/VOC2007/JPEGImages/8b318310-f5a1-4cfb-9489-11e81578ee29.jpg 46,37,3123,1747,0
.\VOCdevkit/VOC2007/JPEGImages/8bffcac5-c618-429d-b025-fb81732857cd.jpg 62,101,3200,1766,0
.\VOCdevkit/VOC2007/JPEGImages/8c3c0cb8-2dbc-4cad-9d6e-680e7ac70679.jpg 82,854,4285,2916,1 4555,31,5472,1189,1 4947,1097,5472,2247,1
.\VOCdevkit/VOC2007/JPEGImages/8c52c67b-1029-472a-9129-e785d29f95a0.jpg 58,62,3096,1756,0
.\VOCdevkit/VOC2007/JPEGImages/8c52f571-ac2c-4ffd-90d6-f88c8fd4aaab.jpg 928,758,3905,2854,1 3401,1754,4566,3648,1
.\VOCdevkit/VOC2007/JPEGImages/8d5da751-8bac-461f-b2b0-4c974696065c.jpg 782,504,4209,2758,1
.\VOCdevkit/VOC2007/JPEGImages/8f21756c-9d03-4ca4-9456-84be8b2c0d48.jpg 8,18,3200,1800,1
.\VOCdevkit/VOC2007/JPEGImages/8f87f09f-e324-45e5-82a5-240ffdac0811.jpg 58,131,3200,1508,2
.\VOCdevkit/VOC2007/JPEGImages/8fea4d25-ab95-4369-a722-1786f60f5dc7.jpg 1385,966,4205,2701,1 251,1054,1213,2427,1 4220,4,5462,2343,1
.\VOCdevkit/VOC2007/JPEGImages/90498160-48d2-47f6-957f-6406c4a17f8c.jpg 1035,1347,3989,2681,1 1,581,1493,1670,1 2797,8,4555,1743,1 4251,2328,5278,3648,1 4459,1,5472,1874,1
.\VOCdevkit/VOC2007/JPEGImages/90c87e0c-9860-4873-8d0e-076bdc0289fa.jpg 56,158,3200,1699,2
.\VOCdevkit/VOC2007/JPEGImages/90d984d7-14e5-46b9-b6a1-28b00bb17cb5.jpg 1262,854,4893,2728,2 1,1,789,1008,2
.\VOCdevkit/VOC2007/JPEGImages/912fa82f-3270-4412-a8f6-c7de610a3895.jpg 1224,1247,4205,2358,0 2143,2244,3416,3648,0
.\VOCdevkit/VOC2007/JPEGImages/91ea9215-1c90-4ac7-9262-dbb1270e9ce3.jpg 169,103,3150,1722,2
.\VOCdevkit/VOC2007/JPEGImages/91ea9e22-344f-45d0-ab84-7a55427cb5d6.jpg 1651,1266,3716,2497,0
.\VOCdevkit/VOC2007/JPEGImages/91f75368-65f6-4318-b832-9e64d58c35ab.jpg 8,76,3196,1733,2
.\VOCdevkit/VOC2007/JPEGImages/91fbae3c-3ba5-420e-8fc0-b3ec469f9b31.jpg 131,122,3150,1733,0
.\VOCdevkit/VOC2007/JPEGImages/92078101-3a8d-44f7-8b8c-17e82e0566db.jpg 48,74,3075,1745,1
.\VOCdevkit/VOC2007/JPEGImages/92603dec-8872-43aa-a5dd-6a8992f71e90.jpg 974,1189,4266,2866,0
.\VOCdevkit/VOC2007/JPEGImages/92e02c06-7248-4f10-96cf-6d2ea66fdbdb.jpg 1701,124,3597,3543,0
.\VOCdevkit/VOC2007/JPEGImages/92fb705e-e557-43e2-9223-a788186c1f65.jpg 1043,1185,3908,2639,1
.\VOCdevkit/VOC2007/JPEGImages/933dd501-07e7-4e4f-aa14-9468a0c64f20.jpg 1259,993,4247,2481,2
.\VOCdevkit/VOC2007/JPEGImages/942a124c-ef6a-49d4-aea5-7fc9a53a9f44.jpg 1251,1078,4139,2466,0
.\VOCdevkit/VOC2007/JPEGImages/942c6543-0035-4e7d-9130-75f9e82abd93.jpg 16,62,3200,1800,1
.\VOCdevkit/VOC2007/JPEGImages/949440af-3fa4-45b2-8cf2-95b6514a53b2.jpg 73,216,3085,1581,2
.\VOCdevkit/VOC2007/JPEGImages/9495c52f-1a35-4c03-95fe-a48d5b0b0a34.jpg 654,1615,3955,2743,0
.\VOCdevkit/VOC2007/JPEGImages/956a9e02-cfec-45f9-8cd4-be9124e1a197.jpg 835,1012,2729,4741,0
.\VOCdevkit/VOC2007/JPEGImages/9578b035-8bad-4f0d-89b4-761320ae5986.jpg 966,1170,4332,2862,1
.\VOCdevkit/VOC2007/JPEGImages/95d0bf39-87b8-418c-ada9-7a7a619e9d86.jpg 14,6,3200,1739,0
.\VOCdevkit/VOC2007/JPEGImages/95f4521d-48f1-432d-816f-99e26f870143.jpg 993,574,4420,3047,0
.\VOCdevkit/VOC2007/JPEGImages/96a3f405-f722-4a6d-aaab-12fcf31d030a.jpg 1735,1220,4289,2612,2 1,958,1328,2462,2
.\VOCdevkit/VOC2007/JPEGImages/9741ab84-a374-40c2-809c-07642d1580c0.jpg 39,147,3083,1545,0
.\VOCdevkit/VOC2007/JPEGImages/97baa533-5eb2-4d4e-8964-f189354be32a.jpg 1309,1320,3874,2474,2 4485,1820,5472,3558,2
.\VOCdevkit/VOC2007/JPEGImages/983ba02d-d435-41ef-b610-fbe72718537d.jpg 905,1024,4774,3158,1
.\VOCdevkit/VOC2007/JPEGImages/98ac61cb-eb40-4a3e-9901-0041f1fabc98.jpg 1297,1197,4282,2531,0 5,220,585,939,0 632,12,2135,697,0 223,528,1862,2358,0
.\VOCdevkit/VOC2007/JPEGImages/9901ad1d-3d89-48a9-b77d-5fb6bf3bf20d.jpg 1082,1385,4255,2858,0
.\VOCdevkit/VOC2007/JPEGImages/9913527b-bd23-40ea-a92d-00625930757b.jpg 1085,1128,4324,2874,1 12,2235,1328,3489,1 3870,4,5472,1635,1 409,585,1312,1604,1
.\VOCdevkit/VOC2007/JPEGImages/99a946c6-bfab-4114-bfd9-a92f4d4aded1.jpg 1593,1124,3962,2454,1 1,1258,870,2447,1 4066,2024,5293,3648,1
.\VOCdevkit/VOC2007/JPEGImages/99e0ca2d-a2d4-44f7-b7d4-49b71403d0ec.jpg 835,935,4935,2981,0
.\VOCdevkit/VOC2007/JPEGImages/9a8d44b1-a3ff-4938-b47c-aae266717ba2.jpg 69,14,2808,1789,0
.\VOCdevkit/VOC2007/JPEGImages/9a9977dd-bb94-4455-94b1-ca0bcabc83ac.jpg 1520,1331,4324,2512,2 747,2493,2678,3648,2
.\VOCdevkit/VOC2007/JPEGImages/9abe76c0-07b6-40d5-978b-c6c7b224cd23.jpg 227,201,2841,1676,1
.\VOCdevkit/VOC2007/JPEGImages/9ade3745-b987-428d-8b94-e24f46834e9a.jpg 1293,1131,4566,2566,2
.\VOCdevkit/VOC2007/JPEGImages/9ba5b735-50b3-485b-a014-41580e2274a6.jpg 916,820,4862,3197,0
.\VOCdevkit/VOC2007/JPEGImages/9bb40e9d-8d2f-4b19-a928-51495dec4f81.jpg 12,16,3200,1791,1
.\VOCdevkit/VOC2007/JPEGImages/9c8f11e0-bb69-44de-9d2b-7bd88e9bb336.jpg 670,1158,4139,2958,1 4174,1212,5472,2847,1
.\VOCdevkit/VOC2007/JPEGImages/9c9c9df6-c6ac-4e4c-bc0f-5069d17fa33e.jpg 6,303,3119,1578,2
.\VOCdevkit/VOC2007/JPEGImages/9cfda113-a974-4745-ad5d-2a8b9eb8a0a4.jpg 862,1051,4347,2712,1
.\VOCdevkit/VOC2007/JPEGImages/9dc86713-d203-4786-a6c1-07bf7f8ced3d.jpg 709,754,5251,2874,0
.\VOCdevkit/VOC2007/JPEGImages/9e466624-e759-4214-8a98-c07e39b4caa4.jpg 31,10,3200,1800,0
.\VOCdevkit/VOC2007/JPEGImages/9e63f4b2-2256-42b8-aeda-92a93f6169f7.jpg 1,308,3129,1670,2
.\VOCdevkit/VOC2007/JPEGImages/a0c76c35-7223-4f78-838c-20eafc53ddde.jpg 46,91,3154,1747,2
.\VOCdevkit/VOC2007/JPEGImages/a0fcf2bd-37e5-4a3f-b2fb-5dcad251fced.jpg 121,99,3158,1774,1
.\VOCdevkit/VOC2007/JPEGImages/a10ca7a3-7f1c-4a42-a6cb-28adb1ce2170.jpg 112,66,2983,1783,1
.\VOCdevkit/VOC2007/JPEGImages/a1b467c8-8d01-4e80-9640-240cc2e80fb7.jpg 21,147,3129,1764,1
.\VOCdevkit/VOC2007/JPEGImages/a30f8cfb-0c5f-4f1b-956d-3154ad30fe9e.jpg 4,18,3200,1800,1
.\VOCdevkit/VOC2007/JPEGImages/a3244ad2-912e-4358-a6dc-f12c44f00032.jpg 1,145,3098,1706,2
.\VOCdevkit/VOC2007/JPEGImages/a37cbb7c-d6d1-4e7b-98fa-4f6ccb009123.jpg 60,95,3077,1741,1
.\VOCdevkit/VOC2007/JPEGImages/a37e1515-c1ed-40f3-955e-88657db69221.jpg 851,1181,3989,2885,0
.\VOCdevkit/VOC2007/JPEGImages/a40aaced-f53e-4493-a2c8-0bceb35e08f5.jpg 6,45,3200,1756,1
.\VOCdevkit/VOC2007/JPEGImages/a5919689-51ee-40b3-a156-ec8f6a6f12a4.jpg 1620,1043,3793,2685,0
.\VOCdevkit/VOC2007/JPEGImages/a5d0581a-86c9-4730-8c63-11223a7b674e.jpg 64,128,3200,1737,0
.\VOCdevkit/VOC2007/JPEGImages/a5e62f8c-50df-48f0-b58f-f44751036ab2.jpg 1320,251,3824,3648,0
.\VOCdevkit/VOC2007/JPEGImages/a71e94b2-0df3-4e38-971e-0b88eddbb9ad.jpg 75,70,3105,1720,2
.\VOCdevkit/VOC2007/JPEGImages/a7eac5f0-d0c3-46bb-b1fa-9b9d4dff931a.jpg 483,53,2879,1745,1
.\VOCdevkit/VOC2007/JPEGImages/a839b643-ffe0-4198-bca7-934458992c12.jpg 6,10,2852,1800,0
.\VOCdevkit/VOC2007/JPEGImages/a911feef-af7a-43ed-a5e4-e8943b9bd03d.jpg 1,206,3073,1566,2
.\VOCdevkit/VOC2007/JPEGImages/a96a0f37-d338-46dc-80c3-60518cb17437.jpg 37,6,3200,1800,1
.\VOCdevkit/VOC2007/JPEGImages/aa774175-2017-4c54-94d5-0a6483b8c656.jpg 87,128,3200,1668,2
.\VOCdevkit/VOC2007/JPEGImages/aa92de82-d317-41e3-8557-b46c3cb20d1f.jpg 102,116,3096,1706,2
.\VOCdevkit/VOC2007/JPEGImages/aaf35ad6-d48f-4ffa-833f-f5136af12893.jpg 112,35,3200,1741,1
.\VOCdevkit/VOC2007/JPEGImages/aaf64889-38e8-4d25-8cb8-d98b3907f756.jpg 25,8,3200,1800,1
.\VOCdevkit/VOC2007/JPEGImages/ab0d2c89-8dd1-4728-8d63-3896c4b01e75.jpg 835,1389,3662,2754,0 4343,31,5472,1693,0
.\VOCdevkit/VOC2007/JPEGImages/ab7f46e0-a168-4dea-8ec8-483ade89064e.jpg 1182,989,4612,2697,0
.\VOCdevkit/VOC2007/JPEGImages/abbb079a-3272-4875-9f64-a69f140f3d86.jpg 66,74,2927,1760,1
.\VOCdevkit/VOC2007/JPEGImages/ac04095e-6b0d-4f15-a681-1d86d05e8fa6.jpg 335,85,2856,1741,1
.\VOCdevkit/VOC2007/JPEGImages/ac150e9a-8941-404b-94f4-2edb9af70832.jpg 85,112,3200,1643,2
.\VOCdevkit/VOC2007/JPEGImages/ac3f8dc0-375e-4fc5-be1d-e59575734192.jpg 16,111,3100,1759,0
.\VOCdevkit/VOC2007/JPEGImages/ad3a01e6-06b7-4224-86d3-a9f6cd66cc26.jpg 1266,1089,4447,2647,2 4374,1,5472,2485,2
.\VOCdevkit/VOC2007/JPEGImages/ad66f3f7-8d38-4e18-8e2d-f4eba779e525.jpg 60,12,2814,1800,0
.\VOCdevkit/VOC2007/JPEGImages/adb696b8-0080-40c8-9268-58d414b4cc35.jpg 1218,1347,2541,4000,1 1777,4088,3359,5472,1
.\VOCdevkit/VOC2007/JPEGImages/addb8c88-470f-48b4-8932-62c4ce6829ce.jpg 1385,1004,4278,2528,2 509,1,2059,1485,2 1,1612,670,3324,2
.\VOCdevkit/VOC2007/JPEGImages/addc72ec-bafb-4de2-908a-1a2e8790cb1f.jpg 300,35,3100,1737,1
.\VOCdevkit/VOC2007/JPEGImages/ae5ed40d-5fb1-4310-a135-d22f3f6d6a72.jpg 79,72,3058,1737,0
.\VOCdevkit/VOC2007/JPEGImages/aeb28993-eaba-4842-b480-2ad79d1bbebf.jpg 2074,151,4032,3648,0
.\VOCdevkit/VOC2007/JPEGImages/aecb99cb-dd61-4cae-8f9d-3e8fca6aeec3.jpg 747,812,4201,2866,1
.\VOCdevkit/VOC2007/JPEGImages/afd1435c-59ec-4392-9c31-f62659da98a9.jpg 1112,1312,3974,2578,2 1,3139,1485,3648,2
.\VOCdevkit/VOC2007/JPEGImages/b0ae386c-38e3-460a-b49e-8ade8e2dbedf.jpg 1528,1328,3701,2501,1 659,2085,2085,3166,1 182,401,1532,1181,1 3993,878,4924,1731,1 2362,2802,4416,3648,1 1639,1,2512,678,1 2947,1,3866,1197,1 4082,2385,5259,3631,1
.\VOCdevkit/VOC2007/JPEGImages/b130cb45-41b5-4371-b553-034074bcecd2.jpg 71,101,3081,1741,0
.\VOCdevkit/VOC2007/JPEGImages/b19bba15-75cb-49d5-8532-456f4a048bee.jpg 1005,1228,4524,2674,2 182,1874,893,2997,2 1505,51,3685,893,2
.\VOCdevkit/VOC2007/JPEGImages/b3284c8b-583c-485c-bcfb-f567c2176737.jpg 1274,1085,4459,2808,0
.\VOCdevkit/VOC2007/JPEGImages/b3c312c4-3383-433b-a228-6cf09a92c675.jpg 58,145,3200,1670,2
.\VOCdevkit/VOC2007/JPEGImages/b3d07a6c-99e9-4d27-847a-ec5dd36cd073.jpg 759,947,4232,2874,0
.\VOCdevkit/VOC2007/JPEGImages/b4029167-f1d2-4027-bb6e-2504c26c388b.jpg 974,989,4562,2824,1
.\VOCdevkit/VOC2007/JPEGImages/b464cd4d-5728-4721-bbf3-4746201211c5.jpg 1262,1166,4574,2604,1
.\VOCdevkit/VOC2007/JPEGImages/b4d29cdc-f1f0-4376-b441-a975463daed4.jpg 1685,1351,4228,2462,2
.\VOCdevkit/VOC2007/JPEGImages/b54609c5-da3a-4872-8a52-db795c36ef44.jpg 1197,1101,4539,2735,1 1,1,2566,843,1 4982,2301,5472,3648,1
.\VOCdevkit/VOC2007/JPEGImages/b5919b5b-9a64-4b5a-b008-bc10ff1c3e38.jpg 1982,804,3547,3074,0 35,2051,1562,3304,0
.\VOCdevkit/VOC2007/JPEGImages/b5a74495-3c7f-4d62-a099-8b69ba564ebe.jpg 1093,1278,3989,2662,2 3885,2478,5347,3648,2 4859,2112,5472,3062,2 4743,920,5472,2147,2 805,2293,2089,3648,2
.\VOCdevkit/VOC2007/JPEGImages/b5bcabfd-30a0-4ad7-8571-4097b180fe64.jpg 60,7,3081,1767,1
.\VOCdevkit/VOC2007/JPEGImages/b5c13a18-fa08-4cf5-b657-528acdcb8c53.jpg 21,16,3200,1800,1
.\VOCdevkit/VOC2007/JPEGImages/b65788f3-44ab-4f9e-873c-44a19b0c0e47.jpg 1,322,3129,1653,2
.\VOCdevkit/VOC2007/JPEGImages/b852b7d8-7537-499d-ab2f-b9890a55c0a4.jpg 893,1051,4785,2954,0
.\VOCdevkit/VOC2007/JPEGImages/b95c9370-395f-40a9-884f-004af6b45ba5.jpg 252,131,3044,1764,0
.\VOCdevkit/VOC2007/JPEGImages/ba5f3b79-0a9d-4edb-8f14-5236224acf79.jpg 889,1166,4543,2543,2 1,1262,585,2908,2
.\VOCdevkit/VOC2007/JPEGImages/bb41c38a-58e2-4566-8dd2-fb010f770cf8.jpg 12,235,3050,1543,2
.\VOCdevkit/VOC2007/JPEGImages/bbcce243-4d21-4487-9617-fa5d7ac0420d.jpg 77,208,3189,1585,2
.\VOCdevkit/VOC2007/JPEGImages/bd82d352-029b-4cf2-b35e-e5bdc375227e.jpg 1343,1278,4235,2458,2 1,2662,1870,3589,2 1,701,1085,2012,2 4166,2601,4716,3424,2
.\VOCdevkit/VOC2007/JPEGImages/be8adab1-e042-4c65-8e36-d17033d9dc9e.jpg 35,83,3179,1685,1
.\VOCdevkit/VOC2007/JPEGImages/bff4c2ba-9544-4270-a776-7f66b7bf5a79.jpg 1389,1239,3951,2597,2 4112,2139,5301,3624,2 4055,704,5001,1739,2 1662,3062,3412,3648,2 1,331,578,1239,2
.\VOCdevkit/VOC2007/JPEGImages/c02bbe22-75d1-4424-8f17-4ed101f4dfd6.jpg 4,3,3158,1691,0
.\VOCdevkit/VOC2007/JPEGImages/c03c4c37-e4d1-4287-bcd8-1858c33a827f.jpg 116,72,3098,1733,0
.\VOCdevkit/VOC2007/JPEGImages/c0668cea-44de-4540-a9c2-6bc118c61780.jpg 133,26,3160,1741,1
.\VOCdevkit/VOC2007/JPEGImages/c0c07d59-061c-4ad2-981f-77da2de5fa13.jpg 978,1085,4105,2704,2 4589,1954,5472,3648,2
.\VOCdevkit/VOC2007/JPEGImages/c0ef78f1-0b59-4d33-a4b6-2a622ca9ef6e.jpg 1862,51,3593,3648,0
.\VOCdevkit/VOC2007/JPEGImages/c0f75959-cbe0-44ba-89f7-fbc1a9e2bb1e.jpg 705,947,4901,2831,2
.\VOCdevkit/VOC2007/JPEGImages/c0f830fc-20d5-4f1a-bfff-2ccb3ae1eb12.jpg 912,762,4312,2847,0
.\VOCdevkit/VOC2007/JPEGImages/c152c2fb-0627-4211-9a45-2d733d8cbf0f.jpg 162,210,3114,1543,2
.\VOCdevkit/VOC2007/JPEGImages/c1cc2e4b-a1fa-4fbb-88f8-806ff888a8a8.jpg 1562,1101,3570,2531,1 4535,2524,5239,3589,1
.\VOCdevkit/VOC2007/JPEGImages/c22e899f-54f8-45bf-a447-8d30de603b81.jpg 824,1162,4451,3051,0
.\VOCdevkit/VOC2007/JPEGImages/c24c4221-89f9-49c1-bb67-3acaf69e837c.jpg 1,211,3200,1661,2
.\VOCdevkit/VOC2007/JPEGImages/c256aac8-6a32-47c9-9688-a81fde15dd49.jpg 651,962,4724,2874,1
.\VOCdevkit/VOC2007/JPEGImages/c2a4d63a-93b0-4a2a-9663-062e746d4fea.jpg 1065,1112,2706,4123,0 1164,4200,2377,5148,0
.\VOCdevkit/VOC2007/JPEGImages/c33648ce-5ff5-48c6-80de-ea48c681288c.jpg 1651,216,3959,3447,0
.\VOCdevkit/VOC2007/JPEGImages/c3d569c7-67dd-4eea-99c8-440a768368ad.jpg 382,416,5093,2828,1
.\VOCdevkit/VOC2007/JPEGImages/c3d8ab8a-6ff9-4fec-8b83-f400bbd2a387.jpg 84,11,2925,1751,1
.\VOCdevkit/VOC2007/JPEGImages/c42590ec-cd6e-4bb8-9531-dc923e993826.jpg 179,158,3071,1695,1
.\VOCdevkit/VOC2007/JPEGImages/c5960de2-1261-4c5a-a705-8163b81c4af2.jpg 23,37,3198,1800,1
.\VOCdevkit/VOC2007/JPEGImages/c60fa770-55d6-4a74-a825-e64b40892992.jpg 1739,1489,3551,2120,2 770,2997,1793,3643,2 4066,1708,5472,2435,2 4485,928,5301,1878,2 1832,1008,2524,1539,2 2416,347,2932,1216,2 4151,2712,4547,3335,2 4759,2458,5062,2774,2 4547,2793,5001,3254,2 3516,3420,4466,3648,2 278,2812,778,3624,2 1393,1343,1847,1720,2
.\VOCdevkit/VOC2007/JPEGImages/c7614172-ef20-44db-985c-bf6a7df485e2.jpg 35,56,3173,1716,0
.\VOCdevkit/VOC2007/JPEGImages/c7f0c5a8-6e37-4b62-b662-4ee7fcbc5f18.jpg 64,6,3173,1724,0
.\VOCdevkit/VOC2007/JPEGImages/c7ffd87f-bf21-4d44-92b6-9e454f58f461.jpg 516,958,4382,3051,0 1747,1,3278,1258,0
.\VOCdevkit/VOC2007/JPEGImages/c84ebfdc-1f6f-49a8-abfe-6498726a000c.jpg 481,16,3131,1800,1
.\VOCdevkit/VOC2007/JPEGImages/c8913e89-3d7d-4667-ab56-bf9fa1d6d6ef.jpg 114,176,3048,1651,1
.\VOCdevkit/VOC2007/JPEGImages/c8d57f80-b914-4275-83f2-5eacecf168d7.jpg 44,272,3173,1564,2
.\VOCdevkit/VOC2007/JPEGImages/c917dce6-5755-491b-a210-45cc936ee70a.jpg 46,14,3200,1783,1
.\VOCdevkit/VOC2007/JPEGImages/c92122d5-8e0f-430b-9d6f-ad99e5bae17f.jpg 2,64,3200,1760,2
.\VOCdevkit/VOC2007/JPEGImages/c9524f41-89d9-4487-9640-7919b05cabc0.jpg 901,1120,4870,2816,2 3477,2570,5460,3601,2 1162,1,3266,1301,2 1,631,1059,2001,2 1,2531,1362,3639,2
.\VOCdevkit/VOC2007/JPEGImages/cc41e3c1-87f4-4292-aba8-8fa5c9177905.jpg 14,70,3200,1687,0
.\VOCdevkit/VOC2007/JPEGImages/cc509b68-5947-4d39-b2e5-a0d3e7e4ca29.jpg 1755,931,4293,2708,2 4443,1,5472,1589,2 2682,2358,4443,3639,2 4412,2801,5316,3648,2
.\VOCdevkit/VOC2007/JPEGImages/cc744476-82bc-41b2-8bb1-5bd3f8beb237.jpg 735,943,4955,2870,2 4070,2439,5472,3509,2 3916,16,5472,1004,2
.\VOCdevkit/VOC2007/JPEGImages/ccb1c8be-71c0-4d54-b9c6-57947e2b7217.jpg 805,1004,4885,2685,1
.\VOCdevkit/VOC2007/JPEGImages/cd564040-ce4d-4b05-8db7-85b49c9e253b.jpg 1197,1181,4466,2754,2 1,543,693,1808,2
.\VOCdevkit/VOC2007/JPEGImages/cd86eb5d-5427-40fb-8275-3a25558d76d8.jpg 793,716,4239,2862,1 3793,1,4466,1551,1
.\VOCdevkit/VOC2007/JPEGImages/cd971b30-de17-4c2f-a3f4-b4e31dae9f94.jpg 1209,724,4812,2774,0
.\VOCdevkit/VOC2007/JPEGImages/cda65c0d-2022-4410-bde6-67ac107b4d4a.jpg 10,183,3200,1689,0
.\VOCdevkit/VOC2007/JPEGImages/cdc96bef-d051-45b8-a27b-7d7af0ca6e91.jpg 1035,1320,4247,2647,2 4812,1070,5472,3631,2 259,2443,582,3558,2 535,85,1293,1424,2 1812,266,3235,1362,2 3501,1,4609,920,2
.\VOCdevkit/VOC2007/JPEGImages/ce23d304-7c58-4ccf-969a-f7c1aaa21033.jpg 150,139,3108,1766,1
.\VOCdevkit/VOC2007/JPEGImages/ce46ee53-c6a1-4d64-a5e2-ed57ef0dabfb.jpg 878,793,4255,2574,1
.\VOCdevkit/VOC2007/JPEGImages/cf46f7b1-160c-4e9a-9502-fed7b3a7400b.jpg 943,1070,4397,2674,1
.\VOCdevkit/VOC2007/JPEGImages/cf97986b-5245-4360-bd60-948b0ee39258.jpg 339,53,2989,1728,2
.\VOCdevkit/VOC2007/JPEGImages/cfbea7b6-b1e9-401c-b152-8ad2dde1973c.jpg 106,212,3112,1653,2
.\VOCdevkit/VOC2007/JPEGImages/d01fab66-f3be-4095-b4d1-5f4b5e3d31bc.jpg 1397,1254,4305,2816,1
.\VOCdevkit/VOC2007/JPEGImages/d10e0222-1143-4b00-bce5-bd9502d489c7.jpg 916,931,4405,3035,1 4585,216,5472,2054,1
.\VOCdevkit/VOC2007/JPEGImages/d133c267-0c7f-4e28-a51d-83e2222bce88.jpg 187,120,3164,1578,0
.\VOCdevkit/VOC2007/JPEGImages/d14a198a-3373-4b34-8eea-233dde7c4e4e.jpg 21,6,3185,1793,1
.\VOCdevkit/VOC2007/JPEGImages/d150b7e0-6dd6-46d8-b9cb-c36bdd900eb0.jpg 1101,1170,4239,2874,1 1,2858,1816,3648,1 2955,2389,4694,3648,1
.\VOCdevkit/VOC2007/JPEGImages/d15d0bcc-c5e3-4fe3-addc-c14ba1062152.jpg 851,985,4251,2662,1
.\VOCdevkit/VOC2007/JPEGImages/d2695c02-c4c9-4cb4-807d-b2ead35e800e.jpg 705,935,4824,2908,0
.\VOCdevkit/VOC2007/JPEGImages/d2888a11-0f32-4584-877d-190e1b896dcd.jpg 1,99,3052,1766,1
.\VOCdevkit/VOC2007/JPEGImages/d29f273e-e140-468c-a2f8-4741fbce9597.jpg 54,12,3081,1800,1
.\VOCdevkit/VOC2007/JPEGImages/d31405c4-6a5e-4837-8280-908e8dd3cb2b.jpg 60,381,3121,1497,2
.\VOCdevkit/VOC2007/JPEGImages/d3dad669-f810-45b8-8c81-2837a33e8d23.jpg 1,1,3200,1800,1
.\VOCdevkit/VOC2007/JPEGImages/d47d68a2-3558-4d49-b5a2-296686425dcf.jpg 1,239,3098,1601,2
.\VOCdevkit/VOC2007/JPEGImages/d4dc6196-bab9-40d6-ac52-e01b72e01f01.jpg 37,112,3200,1718,2
.\VOCdevkit/VOC2007/JPEGImages/d5a9228c-ed7e-4fe4-97d3-3957e2e45403.jpg 1366,924,4378,2577,1
.\VOCdevkit/VOC2007/JPEGImages/d628d7f7-c9d0-44c2-b15c-48f74169ef3e.jpg 54,24,3200,1776,1
.\VOCdevkit/VOC2007/JPEGImages/d6b7c92d-46f0-4a99-923f-c7e786df1296.jpg 66,70,3200,1743,2
.\VOCdevkit/VOC2007/JPEGImages/d75e4e71-21e6-4f66-9380-d25fa648ff96.jpg 1085,1116,4335,2916,0
.\VOCdevkit/VOC2007/JPEGImages/d766ccad-0727-4c33-bf65-efa77cf6d9d9.jpg 1328,1185,4216,2604,2 1501,1,2555,658,2
.\VOCdevkit/VOC2007/JPEGImages/d7898879-eeb7-4e7f-be3c-3489c319ec10.jpg 183,16,3146,1783,1
.\VOCdevkit/VOC2007/JPEGImages/d8195ba9-1e7b-485d-833d-59064e1bdd02.jpg 443,812,4455,2789,0
.\VOCdevkit/VOC2007/JPEGImages/d8cad6da-74d1-4afb-834f-54d59a0e8b49.jpg 310,62,3079,1753,2
.\VOCdevkit/VOC2007/JPEGImages/d90c8568-97e6-4eda-b98d-8e4d755c74f3.jpg 25,20,3129,1768,0
.\VOCdevkit/VOC2007/JPEGImages/d9945318-21c8-44bc-ba06-87a7a6650eb9.jpg 1382,1285,3759,2562,1 3989,531,5074,1843,1 2274,1,4566,1020,1 4032,1535,5472,3643,1
.\VOCdevkit/VOC2007/JPEGImages/d9b8e923-4cd0-46ac-81ed-c1f0d9d1c1d1.jpg 91,76,3162,1768,1
.\VOCdevkit/VOC2007/JPEGImages/da307c70-a50d-4457-beb9-728b43bb49ef.jpg 129,58,3183,1716,0
.\VOCdevkit/VOC2007/JPEGImages/da52864e-37cd-4810-9fac-a9c12eb32833.jpg 1,60,3191,1797,1
.\VOCdevkit/VOC2007/JPEGImages/dc9fda52-da41-4396-acb6-f0689110057c.jpg 108,18,3200,1787,0
.\VOCdevkit/VOC2007/JPEGImages/dce1b24e-b2f2-431c-a90f-12475b2bff12.jpg 77,64,2864,1718,2
.\VOCdevkit/VOC2007/JPEGImages/dd1f6302-1f5d-4d7e-8adb-3e09600d58bd.jpg 655,1097,4412,2943,1
.\VOCdevkit/VOC2007/JPEGImages/dd58227c-543b-4ad0-93ae-cd7f1b7c1270.jpg 21,12,3200,1791,1
.\VOCdevkit/VOC2007/JPEGImages/dde0ec81-4df9-4313-a878-1bcb4f321b8c.jpg 828,954,4805,2797,2
.\VOCdevkit/VOC2007/JPEGImages/de5c514a-397f-4b3b-952f-2c4852704dc3.jpg 85,56,3127,1737,1
.\VOCdevkit/VOC2007/JPEGImages/dee7ec9e-c6f0-49c3-b6b0-3de6f66327c3.jpg 1,70,3181,1485,2
.\VOCdevkit/VOC2007/JPEGImages/e005e19e-640e-4b6b-a428-4103a8d3418b.jpg 1274,1046,5105,2935,0 1,1,1993,924,0
.\VOCdevkit/VOC2007/JPEGImages/e1192d84-6213-4e52-8bc1-9bd7f24eaa87.jpg 56,66,3158,1781,2
.\VOCdevkit/VOC2007/JPEGImages/e16c4a55-a7ba-409a-ab11-df106c7dbcba.jpg 655,801,5020,3124,0
.\VOCdevkit/VOC2007/JPEGImages/e171636f-3d51-4912-9165-ab2004b63ffb.jpg 539,1243,4043,2731,2 4866,601,5472,1962,2 1,962,539,2024,2 262,528,1497,1066,2 3982,2270,4562,3389,2
.\VOCdevkit/VOC2007/JPEGImages/e1820ade-9746-4bfc-8fcd-db7c7ec466a1.jpg 54,68,3035,1776,0
.\VOCdevkit/VOC2007/JPEGImages/e18e1e28-db00-47d3-9f78-d3249c1e38d6.jpg 108,74,2906,1739,2
.\VOCdevkit/VOC2007/JPEGImages/e2085f2b-8a46-4548-bf01-8cbd607840de.jpg 108,128,3050,1724,2
.\VOCdevkit/VOC2007/JPEGImages/e2c411f7-a416-4fc8-b1c7-0f8e124b33c3.jpg 116,91,3175,1737,1
.\VOCdevkit/VOC2007/JPEGImages/e2ca1e3d-c7c1-4777-9de5-f2a946e40abf.jpg 1393,993,4543,2662,2 393,1,1305,1674,2 1,1,562,1189,2
.\VOCdevkit/VOC2007/JPEGImages/e2ec9be0-dac7-46bf-8667-9c977c65ea0b.jpg 1297,1404,4178,2658,0 12,1812,1558,2808,0 1085,151,3997,1704,0
.\VOCdevkit/VOC2007/JPEGImages/e35b8b02-6b3e-4e25-bb2b-7ea5c4c50888.jpg 1193,828,4416,2674,0
.\VOCdevkit/VOC2007/JPEGImages/e47aacef-0251-4e89-934d-bba5ee4194fd.jpg 977,1304,4485,2885,0
.\VOCdevkit/VOC2007/JPEGImages/e55eaa21-5ce9-43ef-90a4-a6890303ac01.jpg 1055,1385,4024,2843,0
.\VOCdevkit/VOC2007/JPEGImages/e61d11e0-055e-4b16-982c-b8d52ea8cc25.jpg 185,158,2983,1731,1
.\VOCdevkit/VOC2007/JPEGImages/e6984fdb-d368-4a64-b0ef-1afb8995f8ea.jpg 33,31,3200,1770,1
.\VOCdevkit/VOC2007/JPEGImages/e6f1d761-5ac8-4c56-a526-5bee49b402ee.jpg 48,114,2848,1726,2
.\VOCdevkit/VOC2007/JPEGImages/e7106bca-b535-4fcd-a3b8-c2f5eaf5befc.jpg 1201,47,5182,3251,0
.\VOCdevkit/VOC2007/JPEGImages/e74abe39-f2ba-4a1a-aa11-23ee54b0e1de.jpg 10,43,3179,1789,1
.\VOCdevkit/VOC2007/JPEGImages/e8b56cdd-3a1c-4be5-828c-b3c744febc0f.jpg 46,164,3139,1776,0
.\VOCdevkit/VOC2007/JPEGImages/e8f9fc3b-9535-4957-a753-12dc2f851074.jpg 2124,204,4212,3648,0
.\VOCdevkit/VOC2007/JPEGImages/ea0a75bb-d82d-45dd-9eb4-6542ac045b1c.jpg 31,14,3175,1781,0
.\VOCdevkit/VOC2007/JPEGImages/ea847ebe-c5b7-49aa-b3d5-cb9353ede2f3.jpg 25,10,3200,1789,1
.\VOCdevkit/VOC2007/JPEGImages/ed2d4ac3-19b5-4e1d-9dba-5d382e3722c5.jpg 208,22,3094,1778,1
.\VOCdevkit/VOC2007/JPEGImages/ee89e145-4639-4078-980c-e9ad8d6911fb.jpg 185,81,3058,1743,2
.\VOCdevkit/VOC2007/JPEGImages/f07aed55-f723-4065-aef3-30037c3ea131.jpg 4,10,3100,1772,0
.\VOCdevkit/VOC2007/JPEGImages/f0dfd7ae-5331-4b2c-8474-5a7253409830.jpg 912,1151,4489,2893,0
.\VOCdevkit/VOC2007/JPEGImages/f0e3eeab-eea3-4ac5-859b-d37a02089503.jpg 10,64,3200,1672,1
.\VOCdevkit/VOC2007/JPEGImages/f1bf8c5a-d8fd-4a8b-8eab-a3afb67cad43.jpg 1428,1070,4074,2454,1 1,301,701,1654,1
.\VOCdevkit/VOC2007/JPEGImages/f1fc9b10-aeed-488e-8a02-e5ea0614ce0e.jpg 1985,1462,3724,2181,2 1,189,897,1197,2 709,1693,1647,2474,2 478,2428,1282,2908,2 2109,2120,3159,2539,2 578,2831,1251,3201,2 1751,3212,2255,3648,2 2059,251,2824,924,2 1332,428,2285,1066,2 3643,2216,4109,2989,2 2963,143,4039,881,2 4047,624,4301,1104,2 3220,1,4182,139,2 4470,1,4916,1074,2
.\VOCdevkit/VOC2007/JPEGImages/f2db8404-161d-4ebf-a9d1-00e7f6e54ed7.jpg 98,101,3181,1745,0
.\VOCdevkit/VOC2007/JPEGImages/f3ea4738-31ff-4f4a-a66f-d8f67286a74c.jpg 1305,1074,4955,2801,0 9,1751,1059,2604,0
.\VOCdevkit/VOC2007/JPEGImages/f44354ae-fce3-4aee-bff9-5225e305e76b.jpg 71,85,3152,1712,0
.\VOCdevkit/VOC2007/JPEGImages/f5107ce6-845f-4b71-89cb-a6b0d219ac5a.jpg 81,118,3116,1758,2
.\VOCdevkit/VOC2007/JPEGImages/f51a1710-bd9c-43fc-ac14-89a020d6a23b.jpg 125,91,3171,1762,0
.\VOCdevkit/VOC2007/JPEGImages/f5530786-da38-457a-bfca-ad7ff33e2ad7.jpg 98,83,3125,1726,0
.\VOCdevkit/VOC2007/JPEGImages/f5609dab-f17c-4055-96f0-890d1bd5a514.jpg 89,168,3050,1691,1
.\VOCdevkit/VOC2007/JPEGImages/f5748c7e-64e3-4107-a76b-4e2728ac37ed.jpg 451,735,4409,2812,1
.\VOCdevkit/VOC2007/JPEGImages/f581e1eb-3b36-41c2-baed-a11d7a278d8a.jpg 762,1151,4539,2778,0 901,685,2089,1381,0 932,2162,2162,3489,0
.\VOCdevkit/VOC2007/JPEGImages/f73f5d40-ae5c-4a6f-9a9a-803af9c81f4b.jpg 1151,1328,3393,2420,1 3320,1312,4551,1951,1 4685,1,5432,1389,1 1720,2285,3009,3220,1 3178,1,3847,1008,1 3828,1385,5209,2305,1
.\VOCdevkit/VOC2007/JPEGImages/f76d7e77-2ab7-4b09-a0e6-0db73b0195f8.jpg 89,108,3200,1718,2
.\VOCdevkit/VOC2007/JPEGImages/f8ab2fc2-c6bb-4b5f-8212-e20c219cfc96.jpg 100,128,3010,1691,1
.\VOCdevkit/VOC2007/JPEGImages/f8beed24-e57c-458a-ab7e-00ffc36889a9.jpg 1085,1039,4066,2558,2 862,2504,2770,3648,2 3570,1924,4755,3189,2
.\VOCdevkit/VOC2007/JPEGImages/f8e86d2f-e841-4935-b211-9760e179b5c1.jpg 1,74,3085,1722,2
.\VOCdevkit/VOC2007/JPEGImages/f92aac87-a41d-4c90-9521-a26fbd5e4490.jpg 2,1,3200,1800,1
.\VOCdevkit/VOC2007/JPEGImages/f93e1cd9-4674-40e7-9097-af9b3330a241.jpg 50,83,3171,1708,2
.\VOCdevkit/VOC2007/JPEGImages/f97231fe-1afd-447c-bb2c-010c3e7b0858.jpg 1274,1381,4501,2543,2 309,2308,1866,3648,2 1,1051,724,2181,2 1,2116,662,2358,2
.\VOCdevkit/VOC2007/JPEGImages/fa1be5aa-22f8-4fcd-847d-337ea3ecc426.jpg 37,295,3116,1612,2
.\VOCdevkit/VOC2007/JPEGImages/fabc64d9-e29b-4917-bd68-f2d2bdd13483.jpg 1451,1262,4220,2512,0 1,1797,924,2962,0 709,669,1312,1724,0
.\VOCdevkit/VOC2007/JPEGImages/fb1fb128-9b3c-4870-8b6a-b15ca44fa7f3.jpg 8,218,3100,1651,2
.\VOCdevkit/VOC2007/JPEGImages/fb869123-7a22-49fa-ba9a-8b65423c0c4b.jpg 532,1097,4370,2839,1
.\VOCdevkit/VOC2007/JPEGImages/fc30ff25-9fc3-4e5a-8e8f-088af47c1a4d.jpg 321,45,2956,1743,1
.\VOCdevkit/VOC2007/JPEGImages/fe21dc2b-b910-4b48-aad1-e482fbcb3ba3.jpg 382,943,4659,2885,0
.\VOCdevkit/VOC2007/JPEGImages/ff187e75-1118-4358-b0c7-2816221a17b4.jpg 1647,1374,4047,2378,2 1,1793,1266,2762,2 1520,471,3332,1478,2
.\VOCdevkit/VOC2007/JPEGImages/ff9a9aa6-aaa4-40d6-8044-4611c0639b55.jpg 1405,1274,3735,2462,1 1,1,1012,1235,1 3386,1,4586,693,1 2197,1,3320,747,1
.\VOCdevkit/VOC2007/JPEGImages/ffae7fad-db0a-4405-9bf3-756c426bc57c.jpg 793,789,4359,2712,2 4028,1728,5451,2724,2
